size(kB),bandwidth(GB/s)
1,150.779
1.0625,154.111
1.125,155.153
1.1875,156.313
1.25,157.372
1.3125,158.142
1.375,157.798
1.4375,156.854
1.5,156.084
1.5625,156.854
1.625,153.818
1.6875,150.898
1.75,149.881
1.8125,148.436
1.875,146.99
1.9375,147.583
2,147.229
2.0625,146.788
2.125,145.273
2.1875,93.2155
2.25,145.871
2.3125,145.473
2.375,121.707
2.4375,98.541
2.5,99.4447
2.5625,101.486
2.625,100.136
2.6875,103.035
2.75,103.578
2.8125,103.54
2.875,103.739
2.9375,104.239
3,105.127
3.0625,105.153
3.125,105.086
3.1875,106.344
3.25,107.489
3.3125,108.633
3.375,107.972
3.4375,109.202
3.5,109.277
3.5625,111.028
3.625,109.731
3.6875,109.93
3.75,111.376
3.8125,111.155
3.875,82.5992
3.9375,90.3101
4,114.059
4.0625,112.871
4.125,112.8
4.1875,113.051
4.25,115.309
4.3125,114.417
4.375,116.286
4.4375,115.202
4.5,116.003
4.5625,115.676
4.625,117.12
4.6875,115.483
4.75,117.676
4.8125,117.185
4.875,118.722
4.9375,116.872
5,116.886
5.0625,117.827
5.125,116.802
5.1875,118.581
5.25,117.904
5.3125,118.54
5.375,118.905
5.4375,117.761
5.5,118.322
5.5625,118.57
5.625,118.892
5.6875,119.696
5.75,123.408
5.8125,121.803
5.875,120.452
5.9375,119.865
6,120.3
6.0625,119.815
6.125,120.712
6.1875,122.272
6.25,120.535
6.3125,121.409
6.375,120.88
6.4375,121.258
6.5,121.989
6.5625,121.654
6.625,124.74
6.6875,121.284
6.75,123.131
6.8125,122.421
6.875,122.632
6.9375,122.646
7,123.602
7.0625,123.346
7.125,122.719
7.1875,122.83
7.25,122.018
7.3125,123.462
7.375,124.176
7.4375,122.886
7.5,123.854
7.5625,119.654
7.625,126.631
7.6875,123.372
7.75,124.176
7.8125,124.135
7.875,124.878
7.9375,126.606
8,126.776
8.0625,125.689
8.125,126.065
8.1875,126.091
8.25,127.074
8.3125,126.616
8.375,127.192
8.4375,126.202
8.5,127.949
8.5625,128.252
8.625,126.225
8.6875,126.925
8.75,128.775
8.8125,128.075
8.875,128.328
8.9375,126.913
9,129.468
9.0625,127.831
9.125,127.291
9.1875,126.929
9.25,129.948
9.3125,127.648
9.375,127.378
9.4375,127.096
9.5,128.236
9.5625,128.77
9.625,123.516
9.6875,124.494
9.75,129.188
9.8125,128.968
9.875,128.585
9.9375,128.486
10,128.744
10.0625,129.139
10.125,128.695
10.1875,128.402
10.25,129.352
10.3125,129.371
10.375,128.825
10.4375,128.804
10.5,130.173
10.5625,131.059
10.625,129.534
10.6875,129.362
10.75,129.037
10.8125,129.592
10.875,128.532
10.9375,128.545
11,132.438
11.0625,129.631
11.125,129.378
11.1875,129.426
11.25,130.189
11.3125,130.453
11.375,129.855
11.4375,130.537
11.5,128.565
11.5625,129.865
11.625,129.856
11.6875,125.781
11.75,126.425
11.8125,126.003
11.875,132.323
11.9375,130.354
12,130.775
12.0625,130.324
12.125,130.049
12.1875,131.251
12.25,130.691
12.3125,131.623
12.375,130.24
12.4375,130.509
12.5,130.662
12.5625,131.006
12.625,130.509
12.6875,130.526
12.75,132.311
12.8125,130.95
12.875,130.936
12.9375,131.076
13,131.388
13.0625,131.622
13.125,130.582
13.1875,131.027
13.25,131.558
13.3125,131.488
13.375,105.147
13.4375,130.966
13.5,132.421
13.5625,131.807
13.625,134.102
13.6875,132.16
13.75,132.288
13.8125,132.348
13.875,131.487
13.9375,131.349
14,132.036
14.0625,132.35
14.125,131.21
14.1875,131.177
14.25,132.056
14.3125,131.949
14.375,131.609
14.4375,131.745
14.5,133.433
14.5625,132.752
14.625,132.01
14.6875,132.28
14.75,133.384
14.8125,132.91
14.875,132.498
14.9375,133.441
15,133.462
15.0625,132.308
15.125,132.54
15.1875,132.625
15.25,132.842
15.3125,132.677
15.375,134.139
15.4375,132.211
15.5,133.363
15.5625,133.15
15.625,133.529
15.6875,132.069
15.75,134.338
15.8125,135.325
15.875,132.763
15.9375,133.122
16,133.323
16.0625,133.756
16.125,133.126
16.1875,132.62
16.25,134.437
16.3125,133.186
16.375,132.815
16.4375,133.595
16.5,134.223
16.5625,133.074
16.625,133.413
16.6875,134.016
16.75,134.078
16.8125,134.386
16.875,133.848
16.9375,133.362
17,133.529
17.0625,133.58
17.125,135.314
17.1875,132.971
17.25,134.205
17.3125,133.24
17.375,133.339
17.4375,132.518
17.5,134.418
17.5625,133.692
17.625,129.351
17.6875,129.065
17.75,134.534
17.8125,134.277
17.875,133.482
17.9375,134.676
18,134.194
18.0625,133.855
18.125,132.755
18.1875,133.418
18.25,134.201
18.3125,134.242
18.375,134.081
18.4375,134.025
18.5,135.465
18.5625,133.177
18.625,134.394
18.6875,133.852
18.75,134.426
18.8125,134.359
18.875,136.7
18.9375,134.003
19,129.529
19.0625,129.589
19.125,133.516
19.1875,134.203
19.25,134.301
19.3125,135.595
19.375,134.396
19.4375,134.025
19.5,135.317
19.5625,134.644
19.625,133.366
19.6875,133.358
19.75,136.008
19.8125,134.947
19.875,134.844
19.9375,134.322
20,134.524
20.0625,134.447
20.125,134.187
20.1875,130.63
20.25,130.248
20.3125,130.527
20.375,128.93
20.4375,134.164
20.5,134.858
20.5625,135.549
20.625,135.311
20.6875,135.187
20.75,135.243
20.8125,135.06
20.875,135.839
20.9375,134.398
21,136.267
21.0625,135.708
21.125,134.97
21.1875,134.424
21.25,135.298
21.3125,135.177
21.375,134.941
21.4375,130.802
21.5,132.113
21.5625,135.42
21.625,134.393
21.6875,135.261
21.75,136.262
21.8125,135.505
21.875,135.659
21.9375,135.716
22,135.269
22.0625,130.686
22.125,134.652
22.1875,134.07
22.25,135.929
22.3125,135.439
22.375,134.577
22.4375,134.63
22.5,136.049
22.5625,135.444
22.625,135.444
22.6875,135.236
22.75,135.579
22.8125,136.34
22.875,134.704
22.9375,134.905
23,135.763
23.0625,135.149
23.125,134.976
23.1875,134.883
23.25,136.819
23.3125,135.3
23.375,135.079
23.4375,134.73
23.5,135.687
23.5625,135.265
23.625,135.645
23.6875,135.579
23.75,136.096
23.8125,135.919
23.875,135.316
23.9375,134.511
24,135.944
24.0625,134.666
24.125,134.664
24.1875,134.753
24.25,135.394
24.3125,135.346
24.375,135.197
24.4375,135.489
24.5,136.307
24.5625,136.265
24.625,134.762
24.6875,135.177
24.75,135.742
24.8125,135.105
24.875,134.933
24.9375,130.029
25,137.615
25.0625,135.981
25.125,136.019
25.1875,135.267
25.25,135.538
25.3125,135.995
25.375,134.651
25.4375,135.867
25.5,135.631
25.5625,136.268
25.625,135.289
25.6875,135.506
25.75,135.765
25.8125,135.223
25.875,135.128
25.9375,135.38
26,136.697
26.0625,135.95
26.125,136.347
26.1875,136.085
26.25,136.291
26.3125,135.421
26.375,135.974
26.4375,136.076
26.5,136.43
26.5625,135.723
26.625,136.279
26.6875,134.923
26.75,139.001
26.8125,135.861
26.875,136.381
26.9375,135.465
27,136.804
27.0625,136.295
27.125,135.753
27.1875,136.553
27.25,136.075
27.3125,136.337
27.375,135.43
27.4375,135.655
27.5,136.328
27.5625,136.033
27.625,136.834
27.6875,135.022
27.75,137.317
27.8125,135.365
27.875,136.575
27.9375,135.779
28,136.651
28.0625,137.466
28.125,136.032
28.1875,136.4
28.25,136.353
28.3125,132.212
28.375,135.938
28.4375,136.649
28.5,137.546
28.5625,136.088
28.625,135.975
28.6875,135.963
28.75,136.579
28.8125,135.843
28.875,136.476
28.9375,136.45
29,136.259
29.0625,136.05
29.125,136.156
29.1875,136.475
29.25,136.459
29.3125,136.975
29.375,136.339
29.4375,135.951
29.5,131.511
29.5625,135.886
29.625,136.134
29.6875,136.221
29.75,137.125
29.8125,136.933
29.875,136.262
29.9375,135.69
30,137.678
30.0625,136.205
30.125,136.123
30.1875,136.535
30.25,136.701
30.3125,135.981
30.375,132.355
30.4375,136.257
30.5,136.768
30.5625,135.8
30.625,136.487
30.6875,137.46
30.75,136.76
30.8125,136.586
30.875,137.275
30.9375,136.354
31,137.019
31.0625,131.886
31.125,138.596
31.1875,136.648
